date,amount,total
2020-03-02T00:00:00.000Z,0,1
2020-03-03T00:00:00.000Z,0,1
2020-03-04T00:00:00.000Z,0,1
2020-03-05T00:00:00.000Z,0,1
2020-03-06T00:00:00.000Z,0,1
2020-03-07T00:00:00.000Z,0,1
2020-03-08T00:00:00.000Z,0,1
2020-03-09T00:00:00.000Z,0,1
2020-03-10T00:00:00.000Z,0,1
2020-03-11T00:00:00.000Z,0,1
2020-03-12T00:00:00.000Z,0,1
2020-03-13T00:00:00.000Z,0,1
2020-03-14T00:00:00.000Z,0,1
2020-03-15T00:00:00.000Z,0,1
2020-03-16T00:00:00.000Z,0,1
2020-03-17T00:00:00.000Z,0,1
2020-03-18T00:00:00.000Z,0,1
2020-03-19T00:00:00.000Z,0,1
2020-03-20T00:00:00.000Z,1,2
2020-03-21T00:00:00.000Z,0,2
2020-03-22T00:00:00.000Z,0,2
2020-03-23T00:00:00.000Z,0,2
2020-03-24T00:00:00.000Z,3,5
2020-03-25T00:00:00.000Z,1,6
2020-03-26T00:00:00.000Z,5,11
2020-03-27T00:00:00.000Z,2,13
2020-03-28T00:00:00.000Z,1,14
2020-03-29T00:00:00.000Z,3,17
2020-03-30T00:00:00.000Z,1,18
2020-03-31T00:00:00.000Z,4,22
2020-04-01T00:00:00.000Z,8,30
2020-04-02T00:00:00.000Z,9,39
2020-04-03T00:00:00.000Z,5,44
2020-04-04T00:00:00.000Z,6,50
2020-04-05T00:00:00.000Z,7,57
2020-04-06T00:00:00.000Z,8,65
2020-04-07T00:00:00.000Z,8,73
2020-04-08T00:00:00.000Z,8,81
2020-04-09T00:00:00.000Z,9,90
2020-04-10T00:00:00.000Z,8,98
2020-04-11T00:00:00.000Z,6,104
2020-04-12T00:00:00.000Z,6,110
2020-04-13T00:00:00.000Z,9,119
2020-04-14T00:00:00.000Z,8,127
2020-04-15T00:00:00.000Z,13,140
2020-04-16T00:00:00.000Z,7,147
2020-04-17T00:00:00.000Z,9,156
2020-04-18T00:00:00.000Z,11,167
2020-04-19T00:00:00.000Z,8,175
2020-04-20T00:00:00.000Z,6,181
2020-04-21T00:00:00.000Z,9,190
2020-04-22T00:00:00.000Z,3,193
2020-04-23T00:00:00.000Z,4,197
2020-04-24T00:00:00.000Z,3,200
2020-04-25T00:00:00.000Z,3,203
2020-04-26T00:00:00.000Z,2,205
2020-04-27T00:00:00.000Z,4,209
2020-04-28T00:00:00.000Z,5,214
2020-04-29T00:00:00.000Z,6,220
2020-04-30T00:00:00.000Z,6,226
2020-05-01T00:00:00.000Z,4,230
2020-05-02T00:00:00.000Z,3,233
2020-05-03T00:00:00.000Z,3,236
2020-05-04T00:00:00.000Z,3,239
2020-05-05T00:00:00.000Z,2,241
2020-05-06T00:00:00.000Z,1,242
2020-05-07T00:00:00.000Z,1,243
2020-05-08T00:00:00.000Z,6,249
2020-05-09T00:00:00.000Z,3,252
2020-05-10T00:00:00.000Z,4,256
2020-05-11T00:00:00.000Z,5,261
2020-05-12T00:00:00.000Z,3,264
2020-05-13T00:00:00.000Z,3,267
2020-05-14T00:00:00.000Z,2,269
2020-05-15T00:00:00.000Z,0,269
2020-05-16T00:00:00.000Z,3,272
2020-05-17T00:00:00.000Z,4,276
2020-05-18T00:00:00.000Z,3,279
2020-05-19T00:00:00.000Z,2,281
2020-05-20T00:00:00.000Z,1,282
2020-05-21T00:00:00.000Z,0,282
2020-05-22T00:00:00.000Z,0,282
2020-05-23T00:00:00.000Z,0,282
2020-05-24T00:00:00.000Z,1,283
2020-05-25T00:00:00.000Z,2,285
2020-05-26T00:00:00.000Z,0,285
2020-05-27T00:00:00.000Z,2,287
2020-05-28T00:00:00.000Z,1,288
2020-05-29T00:00:00.000Z,0,288
2020-05-30T00:00:00.000Z,0,288
2020-05-31T00:00:00.000Z,0,288
2020-06-01T00:00:00.000Z,3,291
2020-06-02T00:00:00.000Z,2,293
2020-06-03T00:00:00.000Z,1,294
2020-06-04T00:00:00.000Z,0,294
2020-06-05T00:00:00.000Z,1,295
2020-06-06T00:00:00.000Z,4,299
2020-06-07T00:00:00.000Z,2,301
2020-06-08T00:00:00.000Z,0,301
2020-06-09T00:00:00.000Z,1,302
2020-06-10T00:00:00.000Z,1,303
2020-06-11T00:00:00.000Z,0,303
2020-06-12T00:00:00.000Z,0,303
2020-06-13T00:00:00.000Z,1,304
2020-06-14T00:00:00.000Z,2,306
2020-06-15T00:00:00.000Z,0,306
2020-06-16T00:00:00.000Z,1,307
2020-06-17T00:00:00.000Z,0,307
2020-06-18T00:00:00.000Z,0,307
2020-06-19T00:00:00.000Z,1,308
2020-06-20T00:00:00.000Z,1,309
2020-06-21T00:00:00.000Z,0,309
2020-06-22T00:00:00.000Z,1,310
2020-06-23T00:00:00.000Z,2,312
2020-06-24T00:00:00.000Z,3,315
2020-06-25T00:00:00.000Z,4,319
2020-06-26T00:00:00.000Z,3,322
2020-06-27T00:00:00.000Z,3,325
2020-06-28T00:00:00.000Z,2,327
2020-06-29T00:00:00.000Z,0,327
2020-06-30T00:00:00.000Z,1,328
2020-07-01T00:00:00.000Z,3,331
2020-07-02T00:00:00.000Z,1,332
2020-07-03T00:00:00.000Z,3,335
2020-07-04T00:00:00.000Z,5,340
2020-07-05T00:00:00.000Z,2,342
2020-07-06T00:00:00.000Z,8,350
2020-07-07T00:00:00.000Z,5,355
2020-07-08T00:00:00.000Z,5,360
2020-07-09T00:00:00.000Z,5,365
2020-07-10T00:00:00.000Z,4,369
2020-07-11T00:00:00.000Z,5,374
2020-07-12T00:00:00.000Z,7,381
2020-07-13T00:00:00.000Z,4,385
2020-07-14T00:00:00.000Z,7,392
2020-07-15T00:00:00.000Z,6,398
2020-07-16T00:00:00.000Z,9,407
2020-07-17T00:00:00.000Z,12,419
2020-07-18T00:00:00.000Z,8,427
2020-07-19T00:00:00.000Z,10,437
2020-07-20T00:00:00.000Z,12,449
2020-07-21T00:00:00.000Z,9,458
2020-07-22T00:00:00.000Z,6,464
2020-07-23T00:00:00.000Z,16,480
2020-07-24T00:00:00.000Z,8,488
2020-07-25T00:00:00.000Z,7,495
2020-07-26T00:00:00.000Z,11,506
2020-07-27T00:00:00.000Z,7,513
2020-07-28T00:00:00.000Z,8,521
2020-07-29T00:00:00.000Z,15,536
2020-07-30T00:00:00.000Z,15,551
2020-07-31T00:00:00.000Z,14,565
2020-08-01T00:00:00.000Z,14,579
2020-08-02T00:00:00.000Z,11,590
2020-08-03T00:00:00.000Z,15,605
2020-08-04T00:00:00.000Z,11,616
2020-08-05T00:00:00.000Z,10,626
2020-08-06T00:00:00.000Z,9,635
2020-08-07T00:00:00.000Z,12,647
2020-08-08T00:00:00.000Z,13,660
2020-08-09T00:00:00.000Z,7,667
2020-08-10T00:00:00.000Z,15,682
2020-08-11T00:00:00.000Z,11,693
2020-08-12T00:00:00.000Z,15,708
2020-08-13T00:00:00.000Z,16,724
2020-08-14T00:00:00.000Z,12,736
2020-08-15T00:00:00.000Z,10,746
2020-08-16T00:00:00.000Z,19,765
2020-08-17T00:00:00.000Z,4,769
2020-08-18T00:00:00.000Z,14,783
2020-08-19T00:00:00.000Z,12,795
2020-08-20T00:00:00.000Z,12,807
2020-08-21T00:00:00.000Z,13,820
2020-08-22T00:00:00.000Z,10,830
2020-08-23T00:00:00.000Z,13,843
2020-08-24T00:00:00.000Z,16,859
2020-08-25T00:00:00.000Z,19,878
2020-08-26T00:00:00.000Z,11,889
2020-08-27T00:00:00.000Z,11,900
2020-08-28T00:00:00.000Z,12,912
2020-08-29T00:00:00.000Z,5,917
2020-08-30T00:00:00.000Z,14,931
2020-08-31T00:00:00.000Z,23,954
2020-09-01T00:00:00.000Z,15,969
2020-09-02T00:00:00.000Z,14,983
2020-09-03T00:00:00.000Z,16,999
2020-09-04T00:00:00.000Z,12,1011
2020-09-05T00:00:00.000Z,15,1026
2020-09-06T00:00:00.000Z,12,1038
2020-09-07T00:00:00.000Z,17,1055
2020-09-08T00:00:00.000Z,20,1075
2020-09-09T00:00:00.000Z,15,1090
2020-09-10T00:00:00.000Z,14,1104
2020-09-11T00:00:00.000Z,20,1124
2020-09-12T00:00:00.000Z,15,1139
2020-09-13T00:00:00.000Z,17,1156
2020-09-14T00:00:00.000Z,20,1176
2020-09-15T00:00:00.000Z,16,1192
2020-09-16T00:00:00.000Z,26,1218
2020-09-17T00:00:00.000Z,17,1235
2020-09-18T00:00:00.000Z,20,1255
2020-09-19T00:00:00.000Z,27,1282
2020-09-20T00:00:00.000Z,21,1303
2020-09-21T00:00:00.000Z,32,1335
2020-09-22T00:00:00.000Z,26,1361
2020-09-23T00:00:00.000Z,25,1386
2020-09-24T00:00:00.000Z,31,1417
2020-09-25T00:00:00.000Z,30,1447
2020-09-26T00:00:00.000Z,26,1473
2020-09-27T00:00:00.000Z,32,1505
2020-09-28T00:00:00.000Z,28,1533
2020-09-29T00:00:00.000Z,35,1568
2020-09-30T00:00:00.000Z,37,1605
2020-10-01T00:00:00.000Z,46,1651
2020-10-02T00:00:00.000Z,25,1676
2020-10-03T00:00:00.000Z,37,1713
2020-10-04T00:00:00.000Z,37,1750
2020-10-05T00:00:00.000Z,27,1777
2020-10-06T00:00:00.000Z,45,1822
2020-10-07T00:00:00.000Z,26,1848
2020-10-08T00:00:00.000Z,47,1895
2020-10-09T00:00:00.000Z,40,1935
2020-10-10T00:00:00.000Z,35,1970
2020-10-11T00:00:00.000Z,46,2016
2020-10-12T00:00:00.000Z,30,2046
2020-10-13T00:00:00.000Z,38,2084
2020-10-14T00:00:00.000Z,35,2119
2020-10-15T00:00:00.000Z,31,2150
2020-10-16T00:00:00.000Z,35,2185
2020-10-17T00:00:00.000Z,32,2217
2020-10-18T00:00:00.000Z,33,2250
2020-10-19T00:00:00.000Z,31,2281
2020-10-20T00:00:00.000Z,20,2301
2020-10-21T00:00:00.000Z,25,2326
2020-10-22T00:00:00.000Z,29,2355
2020-10-23T00:00:00.000Z,26,2381
2020-10-24T00:00:00.000Z,27,2408
2020-10-25T00:00:00.000Z,36,2444
2020-10-26T00:00:00.000Z,28,2472
2020-10-27T00:00:00.000Z,28,2500
2020-10-28T00:00:00.000Z,10,2510
2020-10-29T00:00:00.000Z,19,2529
2020-10-30T00:00:00.000Z,12,2541
2020-10-31T00:00:00.000Z,25,2566
2020-11-01T00:00:00.000Z,19,2585
2020-11-02T00:00:00.000Z,15,2600
2020-11-03T00:00:00.000Z,26,2626
2020-11-04T00:00:00.000Z,16,2642
2020-11-05T00:00:00.000Z,14,2656
2020-11-06T00:00:00.000Z,16,2672
2020-11-07T00:00:00.000Z,8,2680
2020-11-08T00:00:00.000Z,7,2687
2020-11-09T00:00:00.000Z,6,2693
2020-11-10T00:00:00.000Z,10,2703
2020-11-11T00:00:00.000Z,7,2710
2020-11-12T00:00:00.000Z,12,2722
2020-11-13T00:00:00.000Z,5,2727
2020-11-14T00:00:00.000Z,12,2739
2020-11-15T00:00:00.000Z,9,2748
2020-11-16T00:00:00.000Z,8,2756
2020-11-17T00:00:00.000Z,12,2768
2020-11-18T00:00:00.000Z,7,2775
2020-11-19T00:00:00.000Z,8,2783
2020-11-20T00:00:00.000Z,6,2789
2020-11-21T00:00:00.000Z,12,2801
2020-11-22T00:00:00.000Z,17,2818
2020-11-23T00:00:00.000Z,7,2825
2020-11-24T00:00:00.000Z,6,2831
2020-11-25T00:00:00.000Z,5,2836
2020-11-26T00:00:00.000Z,9,2845
2020-11-27T00:00:00.000Z,6,2851
2020-11-28T00:00:00.000Z,10,2861
2020-11-29T00:00:00.000Z,9,2870
2020-11-30T00:00:00.000Z,8,2878
2020-12-01T00:00:00.000Z,10,2888
2020-12-02T00:00:00.000Z,5,2893
2020-12-03T00:00:00.000Z,10,2903
2020-12-04T00:00:00.000Z,10,2913
2020-12-05T00:00:00.000Z,10,2923
2020-12-06T00:00:00.000Z,8,2931
2020-12-07T00:00:00.000Z,6,2937
2020-12-08T00:00:00.000Z,13,2950
2020-12-09T00:00:00.000Z,15,2965
2020-12-10T00:00:00.000Z,12,2977
2020-12-11T00:00:00.000Z,12,2989
2020-12-12T00:00:00.000Z,16,3005
2020-12-13T00:00:00.000Z,9,3014
2020-12-14T00:00:00.000Z,11,3025
2020-12-15T00:00:00.000Z,12,3037
2020-12-16T00:00:00.000Z,14,3051
2020-12-17T00:00:00.000Z,17,3068
2020-12-18T00:00:00.000Z,16,3084
2020-12-19T00:00:00.000Z,19,3103
2020-12-20T00:00:00.000Z,19,3122
2020-12-21T00:00:00.000Z,16,3138
2020-12-22T00:00:00.000Z,13,3151
2020-12-23T00:00:00.000Z,25,3176
2020-12-24T00:00:00.000Z,15,3191
2020-12-25T00:00:00.000Z,19,3210
2020-12-26T00:00:00.000Z,24,3234
2020-12-27T00:00:00.000Z,19,3253
2020-12-28T00:00:00.000Z,33,3286
2020-12-29T00:00:00.000Z,27,3313
2020-12-30T00:00:00.000Z,15,3328
2020-12-31T00:00:00.000Z,32,3360
2021-01-01T00:00:00.000Z,37,3397
2021-01-02T00:00:00.000Z,27,3424
2021-01-03T00:00:00.000Z,24,3448
2021-01-04T00:00:00.000Z,39,3487
2021-01-05T00:00:00.000Z,24,3511
2021-01-06T00:00:00.000Z,46,3557
2021-01-07T00:00:00.000Z,45,3602
2021-01-08T00:00:00.000Z,48,3650
2021-01-09T00:00:00.000Z,22,3672
2021-01-10T00:00:00.000Z,43,3715
2021-01-11T00:00:00.000Z,30,3745
2021-01-12T00:00:00.000Z,27,3772
