date,amount,total
2020-03-02T00:00:00.000Z,0,0
2020-03-03T00:00:00.000Z,0,0
2020-03-04T00:00:00.000Z,0,0
2020-03-05T00:00:00.000Z,0,0
2020-03-06T00:00:00.000Z,0,0
2020-03-07T00:00:00.000Z,0,0
2020-03-08T00:00:00.000Z,0,0
2020-03-09T00:00:00.000Z,0,0
2020-03-10T00:00:00.000Z,0,0
2020-03-11T00:00:00.000Z,0,0
2020-03-12T00:00:00.000Z,0,0
2020-03-13T00:00:00.000Z,0,0
2020-03-14T00:00:00.000Z,0,0
2020-03-15T00:00:00.000Z,0,0
2020-03-16T00:00:00.000Z,0,0
2020-03-17T00:00:00.000Z,0,0
2020-03-18T00:00:00.000Z,0,0
2020-03-19T00:00:00.000Z,0,0
2020-03-20T00:00:00.000Z,1,1
2020-03-21T00:00:00.000Z,0,1
2020-03-22T00:00:00.000Z,0,1
2020-03-23T00:00:00.000Z,0,1
2020-03-24T00:00:00.000Z,3,4
2020-03-25T00:00:00.000Z,1,5
2020-03-26T00:00:00.000Z,5,10
2020-03-27T00:00:00.000Z,2,12
2020-03-28T00:00:00.000Z,1,13
2020-03-29T00:00:00.000Z,3,16
2020-03-30T00:00:00.000Z,1,17
2020-03-31T00:00:00.000Z,4,21
2020-04-01T00:00:00.000Z,8,29
2020-04-02T00:00:00.000Z,9,38
2020-04-03T00:00:00.000Z,5,43
2020-04-04T00:00:00.000Z,6,49
2020-04-05T00:00:00.000Z,7,56
2020-04-06T00:00:00.000Z,8,64
2020-04-07T00:00:00.000Z,8,72
2020-04-08T00:00:00.000Z,8,80
2020-04-09T00:00:00.000Z,9,89
2020-04-10T00:00:00.000Z,8,97
2020-04-11T00:00:00.000Z,6,103
2020-04-12T00:00:00.000Z,6,109
2020-04-13T00:00:00.000Z,9,118
2020-04-14T00:00:00.000Z,8,126
2020-04-15T00:00:00.000Z,13,139
2020-04-16T00:00:00.000Z,7,146
2020-04-17T00:00:00.000Z,9,155
2020-04-18T00:00:00.000Z,11,166
2020-04-19T00:00:00.000Z,8,174
2020-04-20T00:00:00.000Z,6,180
2020-04-21T00:00:00.000Z,9,189
2020-04-22T00:00:00.000Z,3,192
2020-04-23T00:00:00.000Z,4,196
2020-04-24T00:00:00.000Z,3,199
2020-04-25T00:00:00.000Z,3,202
2020-04-26T00:00:00.000Z,2,204
2020-04-27T00:00:00.000Z,4,208
2020-04-28T00:00:00.000Z,5,213
2020-04-29T00:00:00.000Z,6,219
2020-04-30T00:00:00.000Z,6,225
2020-05-01T00:00:00.000Z,4,229
2020-05-02T00:00:00.000Z,3,232
2020-05-03T00:00:00.000Z,3,235
2020-05-04T00:00:00.000Z,3,238
2020-05-05T00:00:00.000Z,2,240
2020-05-06T00:00:00.000Z,1,241
2020-05-07T00:00:00.000Z,1,242
2020-05-08T00:00:00.000Z,6,248
2020-05-09T00:00:00.000Z,3,251
2020-05-10T00:00:00.000Z,4,255
2020-05-11T00:00:00.000Z,5,260
2020-05-12T00:00:00.000Z,3,263
2020-05-13T00:00:00.000Z,3,266
2020-05-14T00:00:00.000Z,2,268
2020-05-15T00:00:00.000Z,0,268
2020-05-16T00:00:00.000Z,3,271
2020-05-17T00:00:00.000Z,4,275
2020-05-18T00:00:00.000Z,3,278
2020-05-19T00:00:00.000Z,2,280
2020-05-20T00:00:00.000Z,1,281
2020-05-21T00:00:00.000Z,0,281
2020-05-22T00:00:00.000Z,0,281
2020-05-23T00:00:00.000Z,0,281
2020-05-24T00:00:00.000Z,1,282
2020-05-25T00:00:00.000Z,2,284
2020-05-26T00:00:00.000Z,0,284
2020-05-27T00:00:00.000Z,2,286
2020-05-28T00:00:00.000Z,1,287
2020-05-29T00:00:00.000Z,0,287
2020-05-30T00:00:00.000Z,0,287
2020-05-31T00:00:00.000Z,0,287
2020-06-01T00:00:00.000Z,3,290
2020-06-02T00:00:00.000Z,2,292
2020-06-03T00:00:00.000Z,1,293
2020-06-04T00:00:00.000Z,0,293
2020-06-05T00:00:00.000Z,1,294
2020-06-06T00:00:00.000Z,4,298
2020-06-07T00:00:00.000Z,2,300
2020-06-08T00:00:00.000Z,0,300
2020-06-09T00:00:00.000Z,1,301
2020-06-10T00:00:00.000Z,1,302
2020-06-11T00:00:00.000Z,0,302
2020-06-12T00:00:00.000Z,0,302
2020-06-13T00:00:00.000Z,1,303
2020-06-14T00:00:00.000Z,2,305
2020-06-15T00:00:00.000Z,0,305
2020-06-16T00:00:00.000Z,1,306
2020-06-17T00:00:00.000Z,0,306
2020-06-18T00:00:00.000Z,0,306
2020-06-19T00:00:00.000Z,1,307
2020-06-20T00:00:00.000Z,1,308
2020-06-21T00:00:00.000Z,0,308
2020-06-22T00:00:00.000Z,1,309
2020-06-23T00:00:00.000Z,2,311
2020-06-24T00:00:00.000Z,3,314
2020-06-25T00:00:00.000Z,4,318
2020-06-26T00:00:00.000Z,3,321
2020-06-27T00:00:00.000Z,3,324
2020-06-28T00:00:00.000Z,2,326
2020-06-29T00:00:00.000Z,0,326
2020-06-30T00:00:00.000Z,1,327
2020-07-01T00:00:00.000Z,3,330
2020-07-02T00:00:00.000Z,1,331
2020-07-03T00:00:00.000Z,3,334
2020-07-04T00:00:00.000Z,5,339
2020-07-05T00:00:00.000Z,2,341
2020-07-06T00:00:00.000Z,8,349
2020-07-07T00:00:00.000Z,5,354
2020-07-08T00:00:00.000Z,5,359
2020-07-09T00:00:00.000Z,5,364
2020-07-10T00:00:00.000Z,4,368
2020-07-11T00:00:00.000Z,5,373
2020-07-12T00:00:00.000Z,7,380
2020-07-13T00:00:00.000Z,4,384
2020-07-14T00:00:00.000Z,7,391
2020-07-15T00:00:00.000Z,6,397
2020-07-16T00:00:00.000Z,9,406
2020-07-17T00:00:00.000Z,12,418
2020-07-18T00:00:00.000Z,8,426
2020-07-19T00:00:00.000Z,10,436
2020-07-20T00:00:00.000Z,12,448
2020-07-21T00:00:00.000Z,9,457
2020-07-22T00:00:00.000Z,6,463
2020-07-23T00:00:00.000Z,16,479
2020-07-24T00:00:00.000Z,8,487
2020-07-25T00:00:00.000Z,7,494
2020-07-26T00:00:00.000Z,11,505
2020-07-27T00:00:00.000Z,7,512
2020-07-28T00:00:00.000Z,8,520
2020-07-29T00:00:00.000Z,15,535
2020-07-30T00:00:00.000Z,15,550
2020-07-31T00:00:00.000Z,14,564
2020-08-01T00:00:00.000Z,14,578
2020-08-02T00:00:00.000Z,11,589
2020-08-03T00:00:00.000Z,15,604
2020-08-04T00:00:00.000Z,11,615
2020-08-05T00:00:00.000Z,10,625
2020-08-06T00:00:00.000Z,9,634
2020-08-07T00:00:00.000Z,12,646
2020-08-08T00:00:00.000Z,13,659
2020-08-09T00:00:00.000Z,7,666
2020-08-10T00:00:00.000Z,15,681
2020-08-11T00:00:00.000Z,11,692
2020-08-12T00:00:00.000Z,15,707
2020-08-13T00:00:00.000Z,16,723
2020-08-14T00:00:00.000Z,12,735
2020-08-15T00:00:00.000Z,10,745
2020-08-16T00:00:00.000Z,19,764
2020-08-17T00:00:00.000Z,4,768
2020-08-18T00:00:00.000Z,14,782
2020-08-19T00:00:00.000Z,12,794
2020-08-20T00:00:00.000Z,12,806
2020-08-21T00:00:00.000Z,13,819
2020-08-22T00:00:00.000Z,10,829
2020-08-23T00:00:00.000Z,13,842
2020-08-24T00:00:00.000Z,16,858
2020-08-25T00:00:00.000Z,19,877
2020-08-26T00:00:00.000Z,11,888
2020-08-27T00:00:00.000Z,11,899
2020-08-28T00:00:00.000Z,12,911
2020-08-29T00:00:00.000Z,5,916
2020-08-30T00:00:00.000Z,14,930
2020-08-31T00:00:00.000Z,23,953
2020-09-01T00:00:00.000Z,15,968
2020-09-02T00:00:00.000Z,14,982
2020-09-03T00:00:00.000Z,16,998
2020-09-04T00:00:00.000Z,12,1010
2020-09-05T00:00:00.000Z,15,1025
2020-09-06T00:00:00.000Z,12,1037
2020-09-07T00:00:00.000Z,17,1054
2020-09-08T00:00:00.000Z,20,1074
2020-09-09T00:00:00.000Z,15,1089
2020-09-10T00:00:00.000Z,14,1103
2020-09-11T00:00:00.000Z,20,1123
2020-09-12T00:00:00.000Z,15,1138
2020-09-13T00:00:00.000Z,17,1155
2020-09-14T00:00:00.000Z,20,1175
2020-09-15T00:00:00.000Z,16,1191
2020-09-16T00:00:00.000Z,26,1217
2020-09-17T00:00:00.000Z,17,1234
2020-09-18T00:00:00.000Z,20,1254
2020-09-19T00:00:00.000Z,27,1281
2020-09-20T00:00:00.000Z,21,1302
2020-09-21T00:00:00.000Z,31,1333
2020-09-22T00:00:00.000Z,26,1359
2020-09-23T00:00:00.000Z,25,1384
2020-09-24T00:00:00.000Z,31,1415
2020-09-25T00:00:00.000Z,30,1445
2020-09-26T00:00:00.000Z,26,1471
2020-09-27T00:00:00.000Z,32,1503
2020-09-28T00:00:00.000Z,28,1531
2020-09-29T00:00:00.000Z,35,1566
2020-09-30T00:00:00.000Z,37,1603
2020-10-01T00:00:00.000Z,46,1649
2020-10-02T00:00:00.000Z,25,1674
2020-10-03T00:00:00.000Z,37,1711
2020-10-04T00:00:00.000Z,36,1747
2020-10-05T00:00:00.000Z,27,1774
2020-10-06T00:00:00.000Z,45,1819
2020-10-07T00:00:00.000Z,26,1845
2020-10-08T00:00:00.000Z,47,1892
2020-10-09T00:00:00.000Z,40,1932
2020-10-10T00:00:00.000Z,35,1967
2020-10-11T00:00:00.000Z,46,2013
2020-10-12T00:00:00.000Z,30,2043
2020-10-13T00:00:00.000Z,38,2081
2020-10-14T00:00:00.000Z,35,2116
2020-10-15T00:00:00.000Z,31,2147
2020-10-16T00:00:00.000Z,34,2181
2020-10-17T00:00:00.000Z,32,2213
2020-10-18T00:00:00.000Z,33,2246
2020-10-19T00:00:00.000Z,31,2277
2020-10-20T00:00:00.000Z,20,2297
2020-10-21T00:00:00.000Z,25,2322
2020-10-22T00:00:00.000Z,29,2351
2020-10-23T00:00:00.000Z,26,2377
2020-10-24T00:00:00.000Z,27,2404
2020-10-25T00:00:00.000Z,35,2439
2020-10-26T00:00:00.000Z,28,2467
2020-10-27T00:00:00.000Z,28,2495
2020-10-28T00:00:00.000Z,10,2505
2020-10-29T00:00:00.000Z,19,2524
2020-10-30T00:00:00.000Z,11,2535
2020-10-31T00:00:00.000Z,25,2560
2020-11-01T00:00:00.000Z,19,2579
2020-11-02T00:00:00.000Z,16,2595
2020-11-03T00:00:00.000Z,26,2621
2020-11-04T00:00:00.000Z,16,2637
2020-11-05T00:00:00.000Z,14,2651
2020-11-06T00:00:00.000Z,16,2667
2020-11-07T00:00:00.000Z,8,2675
2020-11-08T00:00:00.000Z,7,2682
2020-11-09T00:00:00.000Z,6,2688
2020-11-10T00:00:00.000Z,10,2698
2020-11-11T00:00:00.000Z,7,2705
2020-11-12T00:00:00.000Z,12,2717
2020-11-13T00:00:00.000Z,5,2722
2020-11-14T00:00:00.000Z,12,2734
2020-11-15T00:00:00.000Z,9,2743
2020-11-16T00:00:00.000Z,7,2750
2020-11-17T00:00:00.000Z,12,2762
2020-11-18T00:00:00.000Z,7,2769
2020-11-19T00:00:00.000Z,8,2777
2020-11-20T00:00:00.000Z,6,2783
2020-11-21T00:00:00.000Z,12,2795
2020-11-22T00:00:00.000Z,17,2812
2020-11-23T00:00:00.000Z,7,2819
2020-11-24T00:00:00.000Z,6,2825
2020-11-25T00:00:00.000Z,4,2829
2020-11-26T00:00:00.000Z,10,2839
2020-11-27T00:00:00.000Z,6,2845
2020-11-28T00:00:00.000Z,10,2855
2020-11-29T00:00:00.000Z,8,2863
2020-11-30T00:00:00.000Z,8,2871
2020-12-01T00:00:00.000Z,10,2881
2020-12-02T00:00:00.000Z,5,2886
2020-12-03T00:00:00.000Z,10,2896
2020-12-04T00:00:00.000Z,10,2906
2020-12-05T00:00:00.000Z,10,2916
2020-12-06T00:00:00.000Z,6,2922
2020-12-07T00:00:00.000Z,7,2929
2020-12-08T00:00:00.000Z,13,2942
2020-12-09T00:00:00.000Z,15,2957
2020-12-10T00:00:00.000Z,11,2968
2020-12-11T00:00:00.000Z,11,2979
2020-12-12T00:00:00.000Z,15,2994
2020-12-13T00:00:00.000Z,10,3004
2020-12-14T00:00:00.000Z,11,3015
2020-12-15T00:00:00.000Z,12,3027
2020-12-16T00:00:00.000Z,11,3038
2020-12-17T00:00:00.000Z,15,3053
2020-12-18T00:00:00.000Z,3,3056
